#Default
Looping=true
0,0,24,43,14,23,10
#Running
SpeedFactor=0.025,Looping=true
0,44,22,44,13,23,1
23,44,21,44,11,23,1
45,44,26,44,14,23,1
72,44,31,44,17,23,1
104,44,36,44,22,23,1
141,44,39,44,25,23,3
181,44,35,44,22,23,2
217,44,30,44,19,23,1
248,44,25,44,16,23,1
274,44,22,44,13,23,1
297,44,21,44,11,23,1
319,44,26,44,14,23,1
346,44,31,44,17,23,1
378,44,36,44,22,23,1
415,44,39,44,25,23,3
455,44,35,44,22,23,2
491,44,30,44,19,23,1
522,44,25,44,16,23,1
#Dash
SpeedFactor=0.02
0,89,35,39,13,19,1
36,89,33,39,13,18,1
70,89,33,39,13,18,1
104,89,33,39,13,18,1
138,89,32,39,13,18,1
171,89,27,39,13,18,1
#Fall
Looping=true
0,129,35,44,21,22,1
#Jump
Looping=true
0,174,31,44,17,22,1
#LookUp
Looping=true,SpeedFactor=0.13
0,219,28,45,14,25,1
29,219,27,45,14,25,0.5
57,219,28,45,14,25,1
#Crouch
Looping=true
0,266,27,36,14,16,1